# GIMP colorrc
# 
# This file holds a list of recently used colors.

(color-history
    (color-rgba 0.200000 0.411765 0.196078 1.000000)
    (color-rgba 0.031373 0.180392 0.015686 1.000000)
    (color-rgba 0.392157 0.709804 0.396078 1.000000)
    (color-rgba 0.192157 0.152941 0.070588 1.000000)
    (color-rgba 0.172549 0.129412 0.043137 1.000000)
    (color-rgba 0.169275 0.122714 0.036244 1.000000)
    (color-rgba 0.323403 0.210212 0.000000 1.000000)
    (color-rgba 0.470588 0.415686 0.313726 1.000000)
    (color-rgba 0.487375 0.367110 0.293223 1.000000)
    (color-rgba 1.000000 0.466876 0.139344 1.000000)
    (color-rgba 0.313726 0.705882 0.380392 1.000000)
    (color-rgba 0.513726 0.764706 0.541176 1.000000)
    (color-rgba 0.274510 0.701961 0.349020 1.000000)
    (color-rgba 0.282353 0.701961 0.356863 1.000000)
    (color-rgba 0.423529 0.733333 0.462745 1.000000)
    (color-rgba 0.325490 0.713726 0.392157 1.000000)
    (color-rgba 0.505882 0.768628 0.537255 1.000000)
    (color-rgba 0.380392 0.729412 0.431373 1.000000)
    (color-rgba 0.509804 0.764706 0.541176 1.000000)
    (color-rgba 0.494118 0.756863 0.525490 1.000000)
    (color-rgba 1.000000 1.000000 1.000000 1.000000)
    (color-rgba 0.266667 0.694118 0.341176 1.000000)
    (color-rgba 0.000000 0.667183 0.227552 1.000000)
    (color-rgba 0.667183 0.000000 0.000000 1.000000)
    (color-rgba 0.220168 0.000000 0.000000 1.000000)
    (color-rgba 0.725490 0.200000 0.200000 1.000000)
    (color-rgba 0.713725 0.058824 0.058824 1.000000)
    (color-rgba 0.682353 0.325490 0.325490 1.000000)
    (color-rgba 0.690196 0.345098 0.345098 1.000000)
    (color-rgba 0.647059 0.149020 0.149020 1.000000)
    (color-rgba 0.658824 0.223529 0.223529 1.000000)
    (color-rgba 0.643137 0.145098 0.145098 1.000000)
    (color-rgba 0.650980 0.156863 0.156863 1.000000)
    (color-rgba 0.662745 0.239216 0.239216 1.000000)
    (color-rgba 0.634948 0.089506 0.089506 1.000000)
    (color-rgba 0.866667 0.690196 0.690196 1.000000)
    (color-rgba 0.752941 0.376471 0.376471 1.000000)
    (color-rgba 0.926352 0.000000 0.000000 1.000000)
    (color-rgba 0.000000 0.000000 0.000000 1.000000)
    (color-rgba 0.772549 0.000000 0.000000 1.000000)
    (color-rgba 0.996078 0.992157 0.992157 1.000000)
    (color-rgba 0.774465 0.000000 0.000000 1.000000))

# end of colorrc
